STEP:          0
1.557054 1.551240 63.229736
STEP:       2000
2.630941 2.618742 64.284931
STEP:       4000
1.386736 1.369574 63.050094
STEP:       6000
0.176485 0.166124 61.855511
STEP:       8000
-1.260753 -1.279818 60.434892
STEP:      10000
-2.216638 -2.231077 59.490722
STEP:      12000
-3.611980 -3.648191 58.097905
STEP:      14000
-6.147745 -6.185135 55.579493
STEP:      16000
-8.518125 -8.538958 53.263127
STEP:      18000
-8.592040 -8.623179 53.177928
STEP:      20000
-11.147508 -11.150693 50.680594
STEP:      22000
-14.170842 -14.176886 47.714560
STEP:      24000
-15.760431 -15.766606 46.150237
STEP:      26000
-17.835730 -17.849656 44.110489
STEP:      28000
-18.631941 -18.658150 43.308538
STEP:      30000
-19.148034 -19.177107 42.805611
STEP:      32000
-20.657800 -20.683710 41.327444
STEP:      34000
-23.683810 -23.705118 38.364713
STEP:      36000
-26.702404 -26.689155 35.421968
STEP:      38000
-29.830629 -29.797014 32.337899
STEP:      40000
-32.162847 -32.131371 30.035746
STEP:      42000
-33.426499 -33.392607 28.786897
STEP:      44000
-35.429895 -35.423418 26.811391
STEP:      46000
-37.077175 -37.065515 25.179492
STEP:      48000
-38.085288 -38.079010 24.189097
STEP:      50000
-40.216773 -40.103524 22.113694
STEP:      52000
-42.120304 -42.105018 20.253629
STEP:      54000
-43.700152 -43.701295 18.696334
STEP:      56000
-45.227329 -45.230852 17.192698
STEP:      58000
-46.311221 -46.323587 16.117365
STEP:      60000
47.064390 47.060398 14.386909
STEP:      62000
44.958249 44.945462 12.338478
STEP:      64000
43.206272 43.179699 10.615037
STEP:      66000
41.933984 41.914119 9.364194
STEP:      68000
40.170030 40.158120 7.644419
STEP:      70000
39.130619 39.125411 6.629420
STEP:      72000
37.830987 37.825302 5.356240
STEP:      74000
36.975358 36.962498 4.502407
STEP:      76000
36.703556 36.706611 4.241961
STEP:      78000
36.526812 36.532150 4.076396
STEP:      80000
35.273890 35.256342 2.815828
STEP:      82000
34.547686 34.548355 2.111639
STEP:      84000
33.052950 33.049410 0.630569
STEP:      86000
30.762737 30.749814 -1.622604
STEP:      88000
29.147086 29.122291 -3.205301
STEP:      90000
27.926563 27.916816 -4.394547
STEP:      92000
25.756631 25.764309 -6.511923
STEP:      94000
23.328214 23.336879 -8.894037
STEP:      96000
21.105340 21.115243 -11.065209
STEP:      98000
19.115690 19.123093 -13.010543
STEP:     100000
17.730696 17.734937 -14.358123
STEP:     102000
16.453796 16.465243 -15.592937
STEP:     104000
14.724977 14.748648 -17.293284
STEP:     106000
14.031835 14.049001 -17.967923
STEP:     108000
12.914023 12.927293 -19.063748
STEP:     110000
12.395696 12.414913 -19.571023
STEP:     112000
10.547489 10.577600 -21.365255
STEP:     114000
9.543122 9.560262 -22.358731
STEP:     116000
7.240890 7.247381 -24.612609
STEP:     118000
5.059314 5.047104 -26.758957
STEP:     120000
3.966931 3.962534 -27.840071
STEP:     122000
2.639796 2.639585 -29.133529
STEP:     124000
0.847681 0.860837 -30.876142
STEP:     126000
-0.552124 -0.556155 -32.259323
STEP:     128000
-2.259756 -2.260936 -33.930264
STEP:     130000
-3.440763 -3.437509 -35.081613
STEP:     132000
-4.714915 -4.816423 -36.418908
STEP:     134000
-6.507490 -6.499169 -38.059825
STEP:     136000
-8.616230 -8.596110 -40.116425
STEP:     138000
-9.744545 -9.715923 -41.203853
STEP:     140000
-11.199019 -11.195646 -42.655769
STEP:     142000
-12.270043 -12.259608 -43.693116
STEP:     144000
-13.283852 -13.383542 -44.788931
STEP:     146000
-14.600310 -14.602639 -45.967852
STEP:     148000
-16.459391 -16.453122 -47.758155
STEP:     150000
-17.933353 -17.931095 -49.197222
STEP:     152000
-19.087958 -19.070744 -50.333333
STEP:     154000
-20.121528 -20.102998 -51.350108
STEP:     156000
-21.604087 -21.480643 -52.582915
STEP:     158000
-23.167279 -23.162579 -54.336611
STEP:     160000
-24.328469 -24.316580 -55.462758
STEP:     162000
-26.775336 -26.751298 -57.854571
STEP:     164000
-28.056968 -28.157388 -59.221292
STEP:     166000
-29.708899 -29.697665 -60.713738
STEP:     168000
-31.859871 -31.832890 -62.798573
STEP:     170000
-34.005715 -34.013602 -64.912459
STEP:     172000
-36.037666 -36.027029 -66.871419
STEP:     174000
-37.806794 -37.799439 -68.608305
STEP:     176000
-38.705466 -38.690848 -69.465748
STEP:     178000
-39.539985 -39.531685 -70.279010
STEP:     180000
-40.577855 -40.573261 -71.273453
STEP:     182000
-42.619179 -42.619021 -73.272531
STEP:     184000
-42.935016 -42.934712 -73.578546
STEP:     186000
-42.764883 -42.757009 -73.410145
STEP:     188000
-42.935379 -42.933416 -73.576082
STEP:     190000
-42.149882 -42.156127 -72.824201
STEP:     192000
-42.876878 -42.869988 -73.523694
STEP:     194000
-43.655242 -43.656716 -74.281118
STEP:     196000
-43.542274 -43.537668 -74.171260
STEP:     198000
-43.253679 -43.250768 -73.882569
STEP:     200000
-42.844670 -42.852484 -73.494772
STEP:     202000
-42.933494 -42.932915 -73.577419
STEP:     204000
-43.940439 -43.941834 -74.560777
STEP:     206000
-44.489423 -44.482655 -75.100753
STEP:     208000
-44.461333 -44.463433 -75.063703
STEP:     210000
-44.492743 -44.484973 -75.098786
STEP:     212000
-44.808673 -44.799495 -75.406065
STEP:     214000
-45.241628 -45.232337 -75.826517
STEP:     216000
-46.141765 -46.123559 -76.689082
STEP:     218000
-46.572868 -46.556789 -77.112747
STEP:     220000
-46.258452 -46.243432 -76.808705
STEP:     222000
-45.969074 -46.064784 -76.744934
STEP:     224000
-45.678848 -45.669777 -76.243296
STEP:     226000
-46.284045 -46.273166 -76.832605
STEP:     228000
-46.162272 -46.262277 -76.713315
STEP:     230000
-47.321424 -47.305960 -77.838374
STEP:     232000
46.988141 46.998055 -78.652826
STEP:     234000
47.353874 47.371832 -78.288343
STEP:     236000
46.957339 46.962579 -78.679638
STEP:     238000
46.353864 46.360199 -79.267417
STEP:     240000
45.571667 45.576653 -80.032761
STEP:     242000
45.261949 45.257586 -80.326793
STEP:     244000
45.488295 45.489014 -80.113749
STEP:     246000
44.682959 44.682881 -80.892086
STEP:     248000
42.854243 42.875606 -82.652847
STEP:     250000
42.172821 42.188026 -83.331838
STEP:     252000
42.894600 42.903569 -82.632067
STEP:     254000
42.894447 42.906083 -82.633452
STEP:     256000
42.833452 42.845783 -82.675348
STEP:     258000
43.036804 43.045430 -82.483192
STEP:     260000
42.575599 42.583009 -82.938481
STEP:     262000
42.077324 41.764174 -83.750480
STEP:     264000
40.080267 40.085684 -85.388324
STEP:     266000
38.835381 38.844326 -86.601446
STEP:     268000
38.461589 38.472810 -86.965412
STEP:     270000
37.822572 37.831393 -87.578319
STEP:     272000
38.254454 38.259870 -87.154775
STEP:     274000
38.577232 38.589038 -86.858449
STEP:     276000
38.459212 38.463684 -86.966304
STEP:     278000
38.114455 38.124161 -87.298261
STEP:     280000
38.433334 38.437850 -86.994808
STEP:     282000
38.919443 38.932966 -86.523510
STEP:     284000
39.910090 39.911590 -85.552731
STEP:     286000
39.957779 39.973385 -85.505107
STEP:     288000
39.642535 39.651550 -85.814130
STEP:     290000
40.305991 40.311041 -85.157255
STEP:     292000
41.396271 41.410142 -84.106487
STEP:     294000
41.850333 41.870273 -83.645568
STEP:     296000
43.497055 43.510162 -82.040554
STEP:     298000
44.188520 44.193027 -81.362268
STEP:     300000
44.306540 44.309706 -81.251656
STEP:     302000
44.157901 44.161502 -81.389933
STEP:     304000
44.132833 44.133836 -81.419637
STEP:     306000
44.678621 44.683451 -80.882612
STEP:     308000
44.645213 44.651858 -80.911717
STEP:     310000
44.677634 44.681057 -80.879269
STEP:     312000
43.292510 43.308362 -82.233724
STEP:     314000
43.062843 43.075865 -82.453859
STEP:     316000
42.805730 42.819466 -82.717195
STEP:     318000
42.082769 42.098719 -83.423293
STEP:     320000
41.454334 41.467780 -84.048229
STEP:     322000
40.423018 40.432359 -85.055741
STEP:     324000
39.731350 39.746310 -85.726761
STEP:     326000
38.918992 38.927819 -86.521442
STEP:     328000
39.588990 39.596361 -85.868455
STEP:     330000
39.932503 39.943864 -85.538011
STEP:     332000
40.109495 40.118119 -85.359581
STEP:     334000
39.676955 39.682876 -85.790461
STEP:     336000
39.358501 39.364058 -86.092376
STEP:     338000
39.764459 39.768154 -85.692461
STEP:     340000
40.454433 40.452860 -85.017743
STEP:     342000
40.045457 40.054836 -85.416620
STEP:     344000
38.657865 38.668732 -86.771789
STEP:     346000
39.668761 39.682260 -85.786961
STEP:     348000
40.707998 40.719418 -84.772098
STEP:     350000
41.565439 41.575671 -83.932067
STEP:     352000
41.508969 41.520346 -83.985024
STEP:     354000
40.704616 40.721140 -84.775436
STEP:     356000
40.962154 40.983659 -84.523621
STEP:     358000
41.309632 41.329619 -84.180916
STEP:     360000
42.312214 42.330179 -83.185114
STEP:     362000
43.613088 43.621554 -81.922047
STEP:     364000
44.367030 44.368669 -81.194347
STEP:     366000
43.726850 43.740360 -81.813562
STEP:     368000
42.896001 42.901526 -82.627014
STEP:     370000
41.969878 41.986476 -83.533840
STEP:     372000
41.967320 41.982280 -83.534749
STEP:     374000
42.662586 42.672434 -82.856972
STEP:     376000
42.836701 42.846014 -82.686362
STEP:     378000
42.896438 42.903938 -82.625719
STEP:     380000
42.256820 42.274763 -83.247716
STEP:     382000
41.878495 41.895914 -83.623711
STEP:     384000
42.000662 42.005578 -83.498633
STEP:     386000
42.892864 42.906256 -82.632058
STEP:     388000
43.125349 43.127345 -82.401868
STEP:     390000
42.315040 42.327877 -83.188421
STEP:     392000
42.370441 42.384944 -83.135425
STEP:     394000
43.065554 43.079288 -82.456839
STEP:     396000
43.010917 43.023624 -82.518779
STEP:     398000
42.339713 42.358513 -83.164546
STEP:     400000
42.429240 42.442522 -83.079463
STEP:     402000
42.632083 42.642985 -82.880575
STEP:     404000
42.370881 42.383734 -83.134560
STEP:     406000
42.502203 42.291365 -83.232320
STEP:     408000
42.580303 42.578544 -82.935952
STEP:     410000
42.492256 42.505407 -83.022909
STEP:     412000
42.979052 42.989226 -82.542602
STEP:     414000
43.528401 43.530294 -82.013326
STEP:     416000
42.573485 42.587536 -82.939460
STEP:     418000
41.969686 41.655625 -83.852375
STEP:     420000
40.535612 40.550960 -84.943409
STEP:     422000
40.515154 40.512010 -84.967808
STEP:     424000
39.699266 39.705331 -85.751988
STEP:     426000
39.356034 39.366300 -86.094495
STEP:     428000
39.996747 39.998761 -85.476747
STEP:     430000
40.049920 40.059259 -85.424039
STEP:     432000
40.139749 40.144431 -85.331505
STEP:     434000
39.531152 39.537766 -85.924642
STEP:     436000
39.646014 39.657666 -85.810128
STEP:     438000
39.849383 39.849262 -85.612288
STEP:     440000
39.072725 39.073725 -86.377919
STEP:     442000
39.503622 39.507984 -85.958528
STEP:     444000
40.277751 40.285241 -85.190643
STEP:     446000
40.540823 40.545349 -84.936510
STEP:     448000
40.284379 40.281139 -85.184358
STEP:     450000
40.532767 40.547270 -84.939002
STEP:     452000
40.252794 40.252699 -85.217555
STEP:     454000
39.993837 39.996292 -85.475451
STEP:     456000
39.445101 39.455402 -86.012804
STEP:     458000
39.646752 39.657991 -85.816355
STEP:     460000
39.504262 39.516134 -85.956502
STEP:     462000
38.489842 38.493368 -86.938411
STEP:     464000
37.823561 37.829731 -87.577272
STEP:     466000
38.460296 38.469871 -86.971555
STEP:     468000
38.957930 38.960991 -86.494930
STEP:     470000
39.209789 39.222537 -86.240400
STEP:     472000
39.444223 39.453291 -86.012044
STEP:     474000
39.933222 39.935691 -85.531790
STEP:     476000
40.989520 41.006308 -84.493474
STEP:     478000
40.878965 40.888498 -84.604246
STEP:     480000
42.287757 42.296219 -83.220244
STEP:     482000
42.575969 42.593131 -82.936785
STEP:     484000
42.891517 42.904633 -82.629250
STEP:     486000
42.487634 42.504216 -83.026121
STEP:     488000
42.314103 42.324378 -83.189361
STEP:     490000
42.024522 42.037548 -83.470105
STEP:     492000
40.425708 40.431772 -85.060843
STEP:     494000
41.328201 41.352127 -84.148868
STEP:     496000
42.054405 42.072054 -83.450460
STEP:     498000
41.823294 41.838790 -83.674009
STEP:     500000
41.276965 41.291409 -84.214665
